NnEngineStorageV1
MinMaxScalerInput=1;1|1;5|0;1|0;1|0;0|0;0|30;300
MinMaxScalerOutput=15;500
Layer=
Neurons=ResitelRychlost;0;PozadavekKatSmluvniVztah;0;PozadavekKatZalohy;0;OdhadovanaCasovaNarocnostMin;0;
SynapsesToPreviousLayer=
Layer=NnEngine.ActivationFunctionSigmoid
Neurons=h1;-0,1812858;h2;-0,7163676;h3;1,4667459;h4;0,37851933;h5;1,3598669;h6;0,25561264;h7;1,7634554;h8;0,7762843;h9;-0,71131194;h10;0,042465862;h11;1,650183;h12;0,85665846;
SynapsesToPreviousLayer=-2,4427915;0,45225677;0,8986674;-1,7795577;-3,3103948;-1,2560834;1,1305648;-2,5484324;-0,9055359;0,56691086;-0,82413566;-0,10919173;-1,386569;0,651928;-0,51317054;-1,0119511;3,2730758;-0,32004672;0,44600213;1,0360466;-2,17907;-0,6194218;-0,50885516;-2,5532432;-2,2009096;1,4142932;-0,89350545;-1,4002805;-0,103473306;0,7928711;-0,6655251;-0,9658471;0,10987853;0,97545457;0,7537451;-0,7703382;-1,2897516;1,178762;-1,110599;-1,122046;2,8723788;0,10089466;-0,2996141;2,041315;1,495218;-0,31884497;1,0269936;1,0095164;
Layer=NnEngine.ActivationFunctionSigmoid
Neurons=H0;1,1141065;H1;1,1200576;H2;-0,84502804;H3;-0,75722593;H4;0,5664094;H5;1,0038304;H6;-0,118355215;H7;1,5798727;H8;0,46012843;H9;0,6773294;H10;-0,4746496;H11;-0,25682825;
SynapsesToPreviousLayer=-0,2900441;-0,03409169;0,54406154;0,64466166;0,20081209;0,2700631;-0,079269946;-0,07251016;1,1027315;0,64302146;1,3238486;-0,30827388;-0,65359956;-0,87223446;-0,39450815;-0,105588384;1,5641886;0,48515838;0,51867175;0,092023306;-0,5404253;-0,5635782;1,4616057;0,7943501;1,4729886;1,6142805;1,4493251;1,5631864;-0,71869653;1,797381;1,3046025;1,0582011;-0,03597844;1,2966619;-1,3616358;-0,85753405;-1,2733245;-2,3611882;-0,48135418;-1,5736265;1,701236;-1,9828088;-1,9434376;0,23378794;0,64746886;-1,2494764;1,900961;0,55674505;-1,0553871;-2,2408454;1,2536856;-0,34422824;3,5984735;-1,2349834;0,28146857;0,26034865;-0,5199731;-1,6095132;3,4953604;2,0217302;1,1868733;0,5480857;0,5813817;1,1457736;-0,30250776;0,17776018;0,8221122;0,92196107;0,67712665;-0,004375617;-1,1348004;-0,4591712;1,7124794;1,4246769;0,19073534;1,1493711;-0,43580422;1,7951219;2,0602136;0,36131117;-0,5045667;0,65407944;-1,0121351;-1,0283858;-0,18289767;0,28611752;0,70970947;-0,6120987;1,0314622;-0,23610896;0,89649624;-0,34827414;0,6308529;0,98567176;-0,5102854;0,8048573;0,2917772;1,2734723;-0,17947039;-0,623346;-0,22397773;1,0466907;1,149677;0,9722226;-0,4572278;1,0391935;-0,36652055;-0,07577438;-0,07649145;0,70111626;0,6716173;-0,013425997;0,42874923;0,49709934;0,47246167;1,3242339;0,93938184;-0,08932084;-0,48795834;0,069313526;0,12478053;-0,6149641;-0,2606646;-0,41617683;-0,11631625;-1,0787711;0,08644001;-0,6655403;-0,33834574;0,49500886;0,5922835;-0,07100722;-0,8141881;0,508774;-0,3648939;-0,7444859;0,22975267;-0,63611674;-0,46083087;-0,92715836;-0,47863162;0,6338958;-0,26031786;-0,55748284;
Layer=NnEngine.ActivationFunctionSigmoid
Neurons=DelkaZpracovaniPozadavkuMin;0,19774503;
SynapsesToPreviousLayer=0,6441519;1,7970375;-3,287775;3,5740361;4,407751;-1,320708;-2,860515;0,19389969;-1,2084104;-0,6519395;0,9176849;-0,030635422;
